CHL	CLK	CPL	DCK	DPR	GAM	HBY	HST	KAP	LON	LPD	MMT	NBY	NIC	OFR	OUT	SKN	SLC	SSR	TIM	TUR	USDA10	USDA12	USDA13	USDA14	USDA15	USDA16	USDA17	USDA18	USDA19	USDA1	USDA21	USDA2	USDA3	USDA4	USDA5	USDA6	USDA7	USDA8	USDA9	VER	WTR	
6.421802e-01	5.765476e-01	5.922896e-01	5.987804e-01	5.970162e-01	5.966837e-01	5.969203e-01	5.960507e-01	5.961104e-01	6.153605e-01	6.047239e-01	5.884918e-01	6.043545e-01	6.134399e-01	5.899931e-01	5.926165e-01	5.834060e-01	6.067582e-01	6.100171e-01	5.812498e-01	5.919003e-01	6.054644e-01	6.006204e-01	5.960077e-01	6.323809e-01	6.078560e-01	5.974435e-01	5.804173e-01	6.099123e-01	6.242003e-01	5.965862e-01	6.108622e-01	6.016410e-01	6.391717e-01	6.141773e-01	6.048091e-01	6.142117e-01	6.041762e-01	6.252764e-01	6.158051e-01	6.275335e-01	6.018537e-01
5.765476e-01	5.747261e-01	5.548113e-01	5.686364e-01	5.618840e-01	5.631585e-01	5.657339e-01	5.610777e-01	5.620526e-01	5.805721e-01	5.679735e-01	5.549640e-01	5.690024e-01	5.783153e-01	5.594272e-01	5.596223e-01	5.531235e-01	5.688574e-01	5.756589e-01	5.488132e-01	5.584711e-01	5.703501e-01	5.677795e-01	5.592440e-01	5.934902e-01	5.714891e-01	5.640615e-01	5.446481e-01	5.742855e-01	5.870342e-01	5.623128e-01	5.752318e-01	5.671573e-01	6.012661e-01	5.790629e-01	5.684364e-01	5.796553e-01	5.691089e-01	5.882490e-01	5.804844e-01	5.936439e-01	5.668006e-01
5.922896e-01	5.548113e-01	5.982461e-01	5.782033e-01	5.765657e-01	5.754723e-01	5.747543e-01	5.717678e-01	5.755981e-01	5.930111e-01	5.808457e-01	5.664181e-01	5.799810e-01	5.912616e-01	5.699247e-01	5.709559e-01	5.630696e-01	5.826908e-01	5.885205e-01	5.593093e-01	5.705728e-01	5.838426e-01	5.796748e-01	5.725638e-01	6.086266e-01	5.861242e-01	5.760718e-01	5.597635e-01	5.868470e-01	6.006527e-01	5.742228e-01	5.867168e-01	5.803703e-01	6.153343e-01	5.916117e-01	5.810278e-01	5.917628e-01	5.815741e-01	6.022415e-01	5.949732e-01	6.062312e-01	5.799742e-01
5.987804e-01	5.686364e-01	5.782033e-01	6.198648e-01	5.852340e-01	5.846395e-01	5.886746e-01	5.840426e-01	5.849476e-01	6.046377e-01	5.906910e-01	5.792525e-01	5.904694e-01	6.011715e-01	5.811836e-01	5.843512e-01	5.733542e-01	5.917099e-01	6.007844e-01	5.689626e-01	5.821348e-01	5.945428e-01	5.892538e-01	5.837837e-01	6.165051e-01	5.950872e-01	5.883026e-01	5.671324e-01	5.975057e-01	6.100316e-01	5.834440e-01	5.976461e-01	5.903759e-01	6.247686e-01	6.029457e-01	5.920447e-01	6.027739e-01	5.919852e-01	6.111402e-01	6.048737e-01	6.150202e-01	5.901897e-01
5.970162e-01	5.618840e-01	5.765657e-01	5.852340e-01	6.124573e-01	5.822026e-01	5.824459e-01	5.801292e-01	5.816858e-01	6.016929e-01	5.884775e-01	5.724763e-01	5.893117e-01	5.971256e-01	5.749350e-01	5.759475e-01	5.686247e-01	5.916984e-01	5.969361e-01	5.676992e-01	5.752306e-01	5.914795e-01	5.868444e-01	5.807556e-01	6.171420e-01	5.932767e-01	5.840452e-01	5.659901e-01	5.942727e-01	6.067744e-01	5.830798e-01	5.953575e-01	5.877028e-01	6.233064e-01	5.978012e-01	5.885229e-01	5.986832e-01	5.900353e-01	6.090027e-01	6.009382e-01	6.129408e-01	5.879615e-01
5.966837e-01	5.631585e-01	5.754723e-01	5.846395e-01	5.822026e-01	6.112554e-01	5.817683e-01	5.785518e-01	5.822555e-01	6.008214e-01	5.889335e-01	5.739581e-01	5.892824e-01	5.960628e-01	5.749446e-01	5.768198e-01	5.681842e-01	5.898890e-01	5.971639e-01	5.679646e-01	5.765925e-01	5.924204e-01	5.867892e-01	5.789497e-01	6.154801e-01	5.930312e-01	5.839106e-01	5.647578e-01	5.932156e-01	6.075323e-01	5.826562e-01	5.934679e-01	5.867576e-01	6.224279e-01	5.997020e-01	5.885406e-01	5.996086e-01	5.890499e-01	6.082396e-01	6.016534e-01	6.127034e-01	5.871661e-01
5.969203e-01	5.657339e-01	5.747543e-01	5.886746e-01	5.824459e-01	5.817683e-01	6.177322e-01	5.821747e-01	5.807974e-01	6.017622e-01	5.879666e-01	5.767884e-01	5.879699e-01	5.982737e-01	5.801871e-01	5.810987e-01	5.745274e-01	5.895781e-01	5.962428e-01	5.683325e-01	5.803040e-01	5.913042e-01	5.852556e-01	5.809042e-01	6.157518e-01	5.910733e-01	5.847838e-01	5.655430e-01	5.948678e-01	6.092366e-01	5.823692e-01	5.957999e-01	5.871048e-01	6.228890e-01	6.001894e-01	5.888807e-01	5.995852e-01	5.898959e-01	6.079624e-01	6.003198e-01	6.133861e-01	5.859040e-01
5.960507e-01	5.610777e-01	5.717678e-01	5.840426e-01	5.801292e-01	5.785518e-01	5.821747e-01	6.087531e-01	5.790662e-01	5.983343e-01	5.862313e-01	5.713795e-01	5.852002e-01	5.942725e-01	5.747214e-01	5.771054e-01	5.677957e-01	5.864117e-01	5.916227e-01	5.657198e-01	5.746050e-01	5.880692e-01	5.820219e-01	5.773023e-01	6.138681e-01	5.903206e-01	5.822225e-01	5.635179e-01	5.926340e-01	6.047253e-01	5.791608e-01	5.929157e-01	5.844509e-01	6.200168e-01	5.967445e-01	5.861091e-01	5.964918e-01	5.873928e-01	6.055272e-01	5.994671e-01	6.113070e-01	5.843555e-01
5.961104e-01	5.620526e-01	5.755981e-01	5.849476e-01	5.816858e-01	5.822555e-01	5.807974e-01	5.790662e-01	6.100928e-01	5.989943e-01	5.869303e-01	5.728659e-01	5.878246e-01	5.973528e-01	5.744859e-01	5.762436e-01	5.688322e-01	5.893671e-01	5.950085e-01	5.654372e-01	5.751269e-01	5.908855e-01	5.847069e-01	5.796642e-01	6.147081e-01	5.907653e-01	5.834343e-01	5.639671e-01	5.937117e-01	6.081932e-01	5.811005e-01	5.937218e-01	5.857642e-01	6.204724e-01	5.986391e-01	5.883009e-01	5.978046e-01	5.875694e-01	6.099962e-01	5.995585e-01	6.120379e-01	5.859958e-01
6.153605e-01	5.805721e-01	5.930111e-01	6.046377e-01	6.016929e-01	6.008214e-01	6.017622e-01	5.983343e-01	5.989943e-01	6.512907e-01	6.050948e-01	5.901277e-01	6.070936e-01	6.158473e-01	5.921196e-01	5.958221e-01	5.853626e-01	6.090097e-01	6.148963e-01	5.843603e-01	5.949295e-01	6.094204e-01	6.060669e-01	5.975582e-01	6.352461e-01	6.114558e-01	6.015240e-01	5.823123e-01	6.129872e-01	6.256422e-01	6.015513e-01	6.131898e-01	6.069238e-01	6.436822e-01	6.183206e-01	6.074243e-01	6.195403e-01	6.077365e-01	6.271516e-01	6.204517e-01	6.316651e-01	6.040314e-01
6.047239e-01	5.679735e-01	5.808457e-01	5.906910e-01	5.884775e-01	5.889335e-01	5.879666e-01	5.862313e-01	5.869303e-01	6.050948e-01	6.216813e-01	5.777009e-01	5.962319e-01	6.029545e-01	5.804270e-01	5.818897e-01	5.731176e-01	5.956528e-01	6.018256e-01	5.723671e-01	5.812117e-01	5.974167e-01	5.920384e-01	5.872313e-01	6.222781e-01	5.975511e-01	5.886484e-01	5.704347e-01	5.995868e-01	6.121219e-01	5.870142e-01	6.018204e-01	5.925002e-01	6.289517e-01	6.044430e-01	5.952011e-01	6.045317e-01	5.951538e-01	6.150582e-01	6.063533e-01	6.181440e-01	5.918484e-01
5.884918e-01	5.549640e-01	5.664181e-01	5.792525e-01	5.724763e-01	5.739581e-01	5.767884e-01	5.713795e-01	5.728659e-01	5.901277e-01	5.777009e-01	5.930291e-01	5.784366e-01	5.894398e-01	5.709396e-01	5.710342e-01	5.630012e-01	5.789524e-01	5.856897e-01	5.580614e-01	5.701065e-01	5.802011e-01	5.759609e-01	5.708858e-01	6.051176e-01	5.829235e-01	5.735430e-01	5.549899e-01	5.849769e-01	5.969147e-01	5.719322e-01	5.835170e-01	5.767681e-01	6.114412e-01	5.912064e-01	5.782993e-01	5.904029e-01	5.785737e-01	5.990659e-01	5.908331e-01	6.032976e-01	5.788187e-01
6.043545e-01	5.690024e-01	5.799810e-01	5.904694e-01	5.893117e-01	5.892824e-01	5.879699e-01	5.852002e-01	5.878246e-01	6.070936e-01	5.962319e-01	5.784366e-01	6.243693e-01	6.022766e-01	5.801074e-01	5.827474e-01	5.744848e-01	5.964673e-01	6.034212e-01	5.726062e-01	5.812807e-01	5.980296e-01	5.927349e-01	5.872929e-01	6.216237e-01	5.988902e-01	5.915055e-01	5.710900e-01	6.001194e-01	6.133240e-01	5.870203e-01	6.023468e-01	5.920680e-01	6.286612e-01	6.045719e-01	5.951132e-01	6.058154e-01	5.954392e-01	6.145811e-01	6.065524e-01	6.182108e-01	5.924055e-01
6.134399e-01	5.783153e-01	5.912616e-01	6.011715e-01	5.971256e-01	5.960628e-01	5.982737e-01	5.942725e-01	5.973528e-01	6.158473e-01	6.029545e-01	5.894398e-01	6.022766e-01	6.438246e-01	5.905790e-01	5.926400e-01	5.846210e-01	6.058371e-01	6.110760e-01	5.808735e-01	5.902626e-01	6.062973e-01	6.002925e-01	5.942026e-01	6.311516e-01	6.073888e-01	5.981349e-01	5.778922e-01	6.108310e-01	6.229096e-01	5.994317e-01	6.089416e-01	6.031376e-01	6.383251e-01	6.131871e-01	6.045256e-01	6.146464e-01	6.021096e-01	6.236031e-01	6.153441e-01	6.282364e-01	6.016281e-01
5.899931e-01	5.594272e-01	5.699247e-01	5.811836e-01	5.749350e-01	5.749446e-01	5.801871e-01	5.747214e-01	5.744859e-01	5.921196e-01	5.804270e-01	5.709396e-01	5.801074e-01	5.905790e-01	6.017350e-01	5.736969e-01	5.683104e-01	5.807888e-01	5.867685e-01	5.595144e-01	5.737781e-01	5.825375e-01	5.777697e-01	5.730304e-01	6.076501e-01	5.843633e-01	5.760665e-01	5.564707e-01	5.879706e-01	6.011439e-01	5.729354e-01	5.857072e-01	5.784052e-01	6.151299e-01	5.931602e-01	5.799107e-01	5.910850e-01	5.830477e-01	5.995884e-01	5.924251e-01	6.041717e-01	5.787197e-01
5.926165e-01	5.596223e-01	5.709559e-01	5.843512e-01	5.759475e-01	5.768198e-01	5.810987e-01	5.771054e-01	5.762436e-01	5.958221e-01	5.818897e-01	5.710342e-01	5.827474e-01	5.926400e-01	5.736969e-01	6.069428e-01	5.682973e-01	5.845674e-01	5.894091e-01	5.626344e-01	5.764367e-01	5.856866e-01	5.803211e-01	5.752381e-01	6.090318e-01	5.868023e-01	5.787545e-01	5.601000e-01	5.902103e-01	6.035914e-01	5.750954e-01	5.898740e-01	5.840742e-01	6.167948e-01	5.943282e-01	5.833723e-01	5.945934e-01	5.841876e-01	6.024324e-01	5.977323e-01	6.074493e-01	5.830537e-01
5.834060e-01	5.531235e-01	5.630696e-01	5.733542e-01	5.686247e-01	5.681842e-01	5.745274e-01	5.677957e-01	5.688322e-01	5.853626e-01	5.731176e-01	5.630012e-01	5.744848e-01	5.846210e-01	5.683104e-01	5.682973e-01	5.922369e-01	5.724730e-01	5.816476e-01	5.547533e-01	5.679150e-01	5.781983e-01	5.712826e-01	5.673432e-01	6.019847e-01	5.782126e-01	5.713297e-01	5.518580e-01	5.827681e-01	5.937387e-01	5.681896e-01	5.818532e-01	5.732519e-01	6.089247e-01	5.859810e-01	5.739823e-01	5.865050e-01	5.746204e-01	5.945622e-01	5.859964e-01	5.988179e-01	5.734879e-01
6.067582e-01	5.688574e-01	5.826908e-01	5.917099e-01	5.916984e-01	5.898890e-01	5.895781e-01	5.864117e-01	5.893671e-01	6.090097e-01	5.956528e-01	5.789524e-01	5.964673e-01	6.058371e-01	5.807888e-01	5.845674e-01	5.724730e-01	6.267090e-01	6.021693e-01	5.731773e-01	5.826646e-01	5.978711e-01	5.941884e-01	5.866361e-01	6.224324e-01	5.992913e-01	5.915104e-01	5.723379e-01	6.009054e-01	6.137910e-01	5.901917e-01	6.033754e-01	5.938676e-01	6.298288e-01	6.041988e-01	5.945043e-01	6.062134e-01	5.948439e-01	6.176969e-01	6.079398e-01	6.215037e-01	5.925246e-01
6.100171e-01	5.756589e-01	5.885205e-01	6.007844e-01	5.969361e-01	5.971639e-01	5.962428e-01	5.916227e-01	5.950085e-01	6.148963e-01	6.018256e-01	5.856897e-01	6.034212e-01	6.110760e-01	5.867685e-01	5.894091e-01	5.816476e-01	6.021693e-01	6.430490e-01	5.800581e-01	5.896151e-01	6.076715e-01	5.994534e-01	5.942867e-01	6.304433e-01	6.066682e-01	5.992524e-01	5.798982e-01	6.069622e-01	6.201526e-01	5.954190e-01	6.087948e-01	5.999592e-01	6.387147e-01	6.137334e-01	6.039587e-01	6.131789e-01	6.045521e-01	6.219673e-01	6.138030e-01	6.259521e-01	5.998854e-01
5.812498e-01	5.488132e-01	5.593093e-01	5.689626e-01	5.676992e-01	5.679646e-01	5.683325e-01	5.657198e-01	5.654372e-01	5.843603e-01	5.723671e-01	5.580614e-01	5.726062e-01	5.808735e-01	5.595144e-01	5.626344e-01	5.547533e-01	5.731773e-01	5.800581e-01	5.790132e-01	5.608783e-01	5.765370e-01	5.706306e-01	5.644239e-01	5.991110e-01	5.764728e-01	5.679555e-01	5.497720e-01	5.777216e-01	5.920141e-01	5.670088e-01	5.788865e-01	5.720585e-01	6.052927e-01	5.830823e-01	5.729567e-01	5.836289e-01	5.731307e-01	5.926015e-01	5.859302e-01	5.968513e-01	5.722931e-01
5.919003e-01	5.584711e-01	5.705728e-01	5.821348e-01	5.752306e-01	5.765925e-01	5.803040e-01	5.746050e-01	5.751269e-01	5.949295e-01	5.812117e-01	5.701065e-01	5.812807e-01	5.902626e-01	5.737781e-01	5.764367e-01	5.679150e-01	5.826646e-01	5.896151e-01	5.608783e-01	6.016327e-01	5.843247e-01	5.804959e-01	5.742610e-01	6.092028e-01	5.855087e-01	5.781972e-01	5.584753e-01	5.881436e-01	6.010833e-01	5.749897e-01	5.888505e-01	5.799013e-01	6.167814e-01	5.939624e-01	5.818687e-01	5.927575e-01	5.825196e-01	6.012517e-01	5.959871e-01	6.068212e-01	5.807624e-01
6.054644e-01	5.703501e-01	5.838426e-01	5.945428e-01	5.914795e-01	5.924204e-01	5.913042e-01	5.880692e-01	5.908855e-01	6.094204e-01	5.974167e-01	5.802011e-01	5.980296e-01	6.062973e-01	5.825375e-01	5.856866e-01	5.781983e-01	5.978711e-01	6.076715e-01	5.765370e-01	5.843247e-01	6.313117e-01	5.954261e-01	5.900919e-01	6.253732e-01	6.022036e-01	5.940954e-01	5.749004e-01	6.047032e-01	6.176413e-01	5.929590e-01	6.056004e-01	5.964983e-01	6.339563e-01	6.069961e-01	5.997280e-01	6.086713e-01	5.990105e-01	6.173586e-01	6.102236e-01	6.205532e-01	5.956917e-01
6.006204e-01	5.677795e-01	5.796748e-01	5.892538e-01	5.868444e-01	5.867892e-01	5.852556e-01	5.820219e-01	5.847069e-01	6.060669e-01	5.920384e-01	5.759609e-01	5.927349e-01	6.002925e-01	5.777697e-01	5.803211e-01	5.712826e-01	5.941884e-01	5.994534e-01	5.706306e-01	5.804959e-01	5.954261e-01	6.198970e-01	5.850708e-01	6.188112e-01	5.959815e-01	5.867447e-01	5.686066e-01	5.968078e-01	6.100844e-01	5.846282e-01	5.990387e-01	5.904528e-01	6.246676e-01	6.032454e-01	5.922447e-01	6.015681e-01	5.910252e-01	6.131761e-01	6.049113e-01	6.159853e-01	5.895073e-01
5.960077e-01	5.592440e-01	5.725638e-01	5.837837e-01	5.807556e-01	5.789497e-01	5.809042e-01	5.773023e-01	5.796642e-01	5.975582e-01	5.872313e-01	5.708858e-01	5.872929e-01	5.942026e-01	5.730304e-01	5.752381e-01	5.673432e-01	5.866361e-01	5.942867e-01	5.644239e-01	5.742610e-01	5.900919e-01	5.850708e-01	6.114139e-01	6.139769e-01	5.907389e-01	5.820993e-01	5.645360e-01	5.942634e-01	6.066402e-01	5.790706e-01	5.932004e-01	5.854031e-01	6.193092e-01	5.961030e-01	5.884295e-01	5.966522e-01	5.866747e-01	6.075605e-01	5.975886e-01	6.074867e-01	5.844255e-01
6.323809e-01	5.934902e-01	6.086266e-01	6.165051e-01	6.171420e-01	6.154801e-01	6.157518e-01	6.138681e-01	6.147081e-01	6.352461e-01	6.222781e-01	6.051176e-01	6.216237e-01	6.311516e-01	6.076501e-01	6.090318e-01	6.019847e-01	6.224324e-01	6.304433e-01	5.991110e-01	6.092028e-01	6.253732e-01	6.188112e-01	6.139769e-01	6.863766e-01	6.276581e-01	6.161088e-01	5.975059e-01	6.289404e-01	6.441347e-01	6.177798e-01	6.295532e-01	6.206252e-01	6.594098e-01	6.348520e-01	6.238348e-01	6.344405e-01	6.247372e-01	6.451349e-01	6.342072e-01	6.474121e-01	6.190550e-01
6.078560e-01	5.714891e-01	5.861242e-01	5.950872e-01	5.932767e-01	5.930312e-01	5.910733e-01	5.903206e-01	5.907653e-01	6.114558e-01	5.975511e-01	5.829235e-01	5.988902e-01	6.073888e-01	5.843633e-01	5.868023e-01	5.782126e-01	5.992913e-01	6.066682e-01	5.764728e-01	5.855087e-01	6.022036e-01	5.959815e-01	5.907389e-01	6.276581e-01	6.343697e-01	5.927620e-01	5.746512e-01	6.058024e-01	6.170484e-01	5.930242e-01	6.048263e-01	5.973812e-01	6.332737e-01	6.087961e-01	5.994891e-01	6.077451e-01	5.986119e-01	6.189491e-01	6.126549e-01	6.223194e-01	5.960401e-01
5.974435e-01	5.640615e-01	5.760718e-01	5.883026e-01	5.840452e-01	5.839106e-01	5.847838e-01	5.822225e-01	5.834343e-01	6.015240e-01	5.886484e-01	5.735430e-01	5.915055e-01	5.981349e-01	5.760665e-01	5.787545e-01	5.713297e-01	5.915104e-01	5.992524e-01	5.679555e-01	5.781972e-01	5.940954e-01	5.867447e-01	5.820993e-01	6.161088e-01	5.927620e-01	6.172011e-01	5.665997e-01	5.958362e-01	6.080201e-01	5.845020e-01	5.965576e-01	5.890463e-01	6.249285e-01	5.993159e-01	5.897520e-01	6.016106e-01	5.919949e-01	6.104824e-01	6.029102e-01	6.144861e-01	5.883389e-01
5.804173e-01	5.446481e-01	5.597635e-01	5.671324e-01	5.659901e-01	5.647578e-01	5.655430e-01	5.635179e-01	5.639671e-01	5.823123e-01	5.704347e-01	5.549899e-01	5.710900e-01	5.778922e-01	5.564707e-01	5.601000e-01	5.518580e-01	5.723379e-01	5.798982e-01	5.497720e-01	5.584753e-01	5.749004e-01	5.686066e-01	5.645360e-01	5.975059e-01	5.746512e-01	5.665997e-01	5.790514e-01	5.756675e-01	5.904972e-01	5.640063e-01	5.766810e-01	5.697027e-01	6.051660e-01	5.804863e-01	5.729763e-01	5.817645e-01	5.712936e-01	5.897883e-01	5.813215e-01	5.957425e-01	5.691229e-01
6.099123e-01	5.742855e-01	5.868470e-01	5.975057e-01	5.942727e-01	5.932156e-01	5.948678e-01	5.926340e-01	5.937117e-01	6.129872e-01	5.995868e-01	5.849769e-01	6.001194e-01	6.108310e-01	5.879706e-01	5.902103e-01	5.827681e-01	6.009054e-01	6.069622e-01	5.777216e-01	5.881436e-01	6.047032e-01	5.968078e-01	5.942634e-01	6.289404e-01	6.058024e-01	5.958362e-01	5.756675e-01	6.413192e-01	6.215235e-01	5.945427e-01	6.084304e-01	6.011783e-01	6.349999e-01	6.117733e-01	6.026932e-01	6.140817e-01	6.023150e-01	6.231693e-01	6.143338e-01	6.250352e-01	5.969450e-01
6.242003e-01	5.870342e-01	6.006527e-01	6.100316e-01	6.067744e-01	6.075323e-01	6.092366e-01	6.047253e-01	6.081932e-01	6.256422e-01	6.121219e-01	5.969147e-01	6.133240e-01	6.229096e-01	6.011439e-01	6.035914e-01	5.937387e-01	6.137910e-01	6.201526e-01	5.920141e-01	6.010833e-01	6.176413e-01	6.100844e-01	6.066402e-01	6.441347e-01	6.170484e-01	6.080201e-01	5.904972e-01	6.215235e-01	6.646866e-01	6.071635e-01	6.210885e-01	6.127553e-01	6.473327e-01	6.264477e-01	6.154673e-01	6.245683e-01	6.145308e-01	6.358812e-01	6.266807e-01	6.375444e-01	6.115331e-01
5.965862e-01	5.623128e-01	5.742228e-01	5.834440e-01	5.830798e-01	5.826562e-01	5.823692e-01	5.791608e-01	5.811005e-01	6.015513e-01	5.870142e-01	5.719322e-01	5.870203e-01	5.994317e-01	5.729354e-01	5.750954e-01	5.681896e-01	5.901917e-01	5.954190e-01	5.670088e-01	5.749897e-01	5.929590e-01	5.846282e-01	5.790706e-01	6.177798e-01	5.930242e-01	5.845020e-01	5.640063e-01	5.945427e-01	6.071635e-01	6.153426e-01	5.948561e-01	5.887485e-01	6.219804e-01	5.990006e-01	5.877705e-01	6.004137e-01	5.903664e-01	6.101611e-01	6.008427e-01	6.111161e-01	5.858766e-01
6.108622e-01	5.752318e-01	5.867168e-01	5.976461e-01	5.953575e-01	5.934679e-01	5.957999e-01	5.929157e-01	5.937218e-01	6.131898e-01	6.018204e-01	5.835170e-01	6.023468e-01	6.089416e-01	5.857072e-01	5.898740e-01	5.818532e-01	6.033754e-01	6.087948e-01	5.788865e-01	5.888505e-01	6.056004e-01	5.990387e-01	5.932004e-01	6.295532e-01	6.048263e-01	5.965576e-01	5.766810e-01	6.084304e-01	6.210885e-01	5.948561e-01	6.395890e-01	5.990094e-01	6.366411e-01	6.103443e-01	6.014682e-01	6.125134e-01	6.010922e-01	6.216325e-01	6.149979e-01	6.249097e-01	5.979175e-01
6.016410e-01	5.671573e-01	5.803703e-01	5.903759e-01	5.877028e-01	5.867576e-01	5.871048e-01	5.844509e-01	5.857642e-01	6.069238e-01	5.925002e-01	5.767681e-01	5.920680e-01	6.031376e-01	5.784052e-01	5.840742e-01	5.732519e-01	5.938676e-01	5.999592e-01	5.720585e-01	5.799013e-01	5.964983e-01	5.904528e-01	5.854031e-01	6.206252e-01	5.973812e-01	5.890463e-01	5.697027e-01	6.011783e-01	6.127553e-01	5.887485e-01	5.990094e-01	6.233467e-01	6.276653e-01	6.033559e-01	5.943462e-01	6.043062e-01	5.934273e-01	6.157034e-01	6.083351e-01	6.168062e-01	5.899655e-01
6.391717e-01	6.012661e-01	6.153343e-01	6.247686e-01	6.233064e-01	6.224279e-01	6.228890e-01	6.200168e-01	6.204724e-01	6.436822e-01	6.289517e-01	6.114412e-01	6.286612e-01	6.383251e-01	6.151299e-01	6.167948e-01	6.089247e-01	6.298288e-01	6.387147e-01	6.052927e-01	6.167814e-01	6.339563e-01	6.246676e-01	6.193092e-01	6.594098e-01	6.332737e-01	6.249285e-01	6.051660e-01	6.349999e-01	6.473327e-01	6.219804e-01	6.366411e-01	6.276653e-01	6.971173e-01	6.393132e-01	6.286054e-01	6.398612e-01	6.307690e-01	6.484914e-01	6.429573e-01	6.554870e-01	6.262752e-01
6.141773e-01	5.790629e-01	5.916117e-01	6.029457e-01	5.978012e-01	5.997020e-01	6.001894e-01	5.967445e-01	5.986391e-01	6.183206e-01	6.044430e-01	5.912064e-01	6.045719e-01	6.131871e-01	5.931602e-01	5.943282e-01	5.859810e-01	6.041988e-01	6.137334e-01	5.830823e-01	5.939624e-01	6.069961e-01	6.032454e-01	5.961030e-01	6.348520e-01	6.087961e-01	5.993159e-01	5.804863e-01	6.117733e-01	6.264477e-01	5.990006e-01	6.103443e-01	6.033559e-01	6.393132e-01	6.477703e-01	6.063397e-01	6.154687e-01	6.059240e-01	6.271377e-01	6.181869e-01	6.290279e-01	6.027257e-01
6.048091e-01	5.684364e-01	5.810278e-01	5.920447e-01	5.885229e-01	5.885406e-01	5.888807e-01	5.861091e-01	5.883009e-01	6.074243e-01	5.952011e-01	5.782993e-01	5.951132e-01	6.045256e-01	5.799107e-01	5.833723e-01	5.739823e-01	5.945043e-01	6.039587e-01	5.729567e-01	5.818687e-01	5.997280e-01	5.922447e-01	5.884295e-01	6.238348e-01	5.994891e-01	5.897520e-01	5.729763e-01	6.026932e-01	6.154673e-01	5.877705e-01	6.014682e-01	5.943462e-01	6.286054e-01	6.063397e-01	6.256452e-01	6.068966e-01	5.963624e-01	6.170408e-01	6.065433e-01	6.189440e-01	5.926457e-01
6.142117e-01	5.796553e-01	5.917628e-01	6.027739e-01	5.986832e-01	5.996086e-01	5.995852e-01	5.964918e-01	5.978046e-01	6.195403e-01	6.045317e-01	5.904029e-01	6.058154e-01	6.146464e-01	5.910850e-01	5.945934e-01	5.865050e-01	6.062134e-01	6.131789e-01	5.836289e-01	5.927575e-01	6.086713e-01	6.015681e-01	5.966522e-01	6.344405e-01	6.077451e-01	6.016106e-01	5.817645e-01	6.140817e-01	6.245683e-01	6.004137e-01	6.125134e-01	6.043062e-01	6.398612e-01	6.154687e-01	6.068966e-01	6.467744e-01	6.063617e-01	6.278857e-01	6.184485e-01	6.303188e-01	6.027259e-01
6.041762e-01	5.691089e-01	5.815741e-01	5.919852e-01	5.900353e-01	5.890499e-01	5.898959e-01	5.873928e-01	5.875694e-01	6.077365e-01	5.951538e-01	5.785737e-01	5.954392e-01	6.021096e-01	5.830477e-01	5.841876e-01	5.746204e-01	5.948439e-01	6.045521e-01	5.731307e-01	5.825196e-01	5.990105e-01	5.910252e-01	5.866747e-01	6.247372e-01	5.986119e-01	5.919949e-01	5.712936e-01	6.023150e-01	6.145308e-01	5.903664e-01	6.010922e-01	5.934273e-01	6.307690e-01	6.059240e-01	5.963624e-01	6.063617e-01	6.282288e-01	6.149441e-01	6.091704e-01	6.192844e-01	5.925659e-01
6.252764e-01	5.882490e-01	6.022415e-01	6.111402e-01	6.090027e-01	6.082396e-01	6.079624e-01	6.055272e-01	6.099962e-01	6.271516e-01	6.150582e-01	5.990659e-01	6.145811e-01	6.236031e-01	5.995884e-01	6.024324e-01	5.945622e-01	6.176969e-01	6.219673e-01	5.926015e-01	6.012517e-01	6.173586e-01	6.131761e-01	6.075605e-01	6.451349e-01	6.189491e-01	6.104824e-01	5.897883e-01	6.231693e-01	6.358812e-01	6.101611e-01	6.216325e-01	6.157034e-01	6.484914e-01	6.271377e-01	6.170408e-01	6.278857e-01	6.149441e-01	6.670533e-01	6.283194e-01	6.395842e-01	6.133554e-01
6.158051e-01	5.804844e-01	5.949732e-01	6.048737e-01	6.009382e-01	6.016534e-01	6.003198e-01	5.994671e-01	5.995585e-01	6.204517e-01	6.063533e-01	5.908331e-01	6.065524e-01	6.153441e-01	5.924251e-01	5.977323e-01	5.859964e-01	6.079398e-01	6.138030e-01	5.859302e-01	5.959871e-01	6.102236e-01	6.049113e-01	5.975886e-01	6.342072e-01	6.126549e-01	6.029102e-01	5.813215e-01	6.143338e-01	6.266807e-01	6.008427e-01	6.149979e-01	6.083351e-01	6.429573e-01	6.181869e-01	6.065433e-01	6.184485e-01	6.091704e-01	6.283194e-01	6.528082e-01	6.316260e-01	6.049049e-01
6.275335e-01	5.936439e-01	6.062312e-01	6.150202e-01	6.129408e-01	6.127034e-01	6.133861e-01	6.113070e-01	6.120379e-01	6.316651e-01	6.181440e-01	6.032976e-01	6.182108e-01	6.282364e-01	6.041717e-01	6.074493e-01	5.988179e-01	6.215037e-01	6.259521e-01	5.968513e-01	6.068212e-01	6.205532e-01	6.159853e-01	6.074867e-01	6.474121e-01	6.223194e-01	6.144861e-01	5.957425e-01	6.250352e-01	6.375444e-01	6.111161e-01	6.249097e-01	6.168062e-01	6.554870e-01	6.290279e-01	6.189440e-01	6.303188e-01	6.192844e-01	6.395842e-01	6.316260e-01	6.750745e-01	6.168074e-01
6.018537e-01	5.668006e-01	5.799742e-01	5.901897e-01	5.879615e-01	5.871661e-01	5.859040e-01	5.843555e-01	5.859958e-01	6.040314e-01	5.918484e-01	5.788187e-01	5.924055e-01	6.016281e-01	5.787197e-01	5.830537e-01	5.734879e-01	5.925246e-01	5.998854e-01	5.722931e-01	5.807624e-01	5.956917e-01	5.895073e-01	5.844255e-01	6.190550e-01	5.960401e-01	5.883389e-01	5.691229e-01	5.969450e-01	6.115331e-01	5.858766e-01	5.979175e-01	5.899655e-01	6.262752e-01	6.027257e-01	5.926457e-01	6.027259e-01	5.925659e-01	6.133554e-01	6.049049e-01	6.168074e-01	6.187714e-01
